1248.29
1254.42
1258.17
1256.54
1268.66
1268.12
1262.79
1259.62
1259.92
1267.32
1270.94
1272.74
1267.43
1260.43
1259.37
1255.84
1257.37
1263.7
1262.09
1265.08
1264.67
1249.48
1257.48
1257.46
1268.25
1265.61
1261.23
1254.85
1248.27
1242.8
1231.21
1229.01
1233.76
1234.72
1230.96
1220.65
1218.59
1222.81
1220.14
1219.94
1214.76
1202.76
1207.01
1198.41
1178.9
1191.38
1196.54
1199.38
1179.59
1177.8
1195.76
1178.14
1190.1
1186.57
1176.84
1177.68
1184.87
1187.33
1195.9
1191.49
1196.39
1214.47
1226.7
1228.81
1227.68
1216.89
1215.66
1215.63
1215.29
1214.62
1210.2
1221.34
1231.02
1237.91
1227.73
1227.16
1231.2
1240.56
1241.48
1231.67
1236.36
1233.39
1218.02
1221.59
1220.33
1208.41
1212.28
1205.1
1212.39
1209.59
1217.57
1221.73
1219.71
1219.02
1220.24
1219.34
1233.87
1230.39
1237.81
1229.13
1231.38
1223.13
1226.42
1235.86
1245.04
1244.12
1235.35
1234.18
1243.72
1236.79
1231.16
1229.03
1233.68
1227.04
1235.2
1229.35
1221.13
1227.92
1226.5
1223.29
1222.21
1219.44
1211.86
1197.87
1194.94
1204.99
1194.44
1191.33
1199.85
1201.57
1190.69
1191.57
1200.73
1213.88
1213.61
1216.1
1216.96
1210.96
1206.58
1203.91
1200.82
1198.11
1200.93
1194.67
1197.26
1197.51
1196.02
1204.29
1202.27
1191.5
1198.78
1197.62
1190.01
1194.07
1193.86
1189.28
1191.08
1185.56
1173.8
1165.69
1154.05
1159.36
1171.11
1166.22
1178.84
1171.35
1172.63
1175.65
1161.17
1162.16
1156.85
1143.22
1156.38
1151.74
1162.1
1152.12
1159.95
1137.5
1152.78
1145.98
1142.62
1162.05
1173.79
1187.76
1181.21
1181.2
1191.14
1184.07
1181.39
1176.12
1172.92
1180.59
1181.41
1165.36
1174.28
1171.42
1172.53
1171.71
1183.78
1189.65
1190.21
1188.07
1197.75
1206.83
1200.08
1209.25
1207.01
1219.43
1225.31
1222.12
1210.47
1210.08
1210.41
1203.6
1211.37
1200.2
1190.8
1184.16
1201.59
1200.75
1210.34
1210.12
1206.14
1205.3
1197.01
1191.99
1202.3
1201.72
1203.03
1189.89
1193.19
1189.41
1181.27
1171.36
1174.55
1174.07
1168.41
1163.75
1167.87
1175.41
1184.63
1195.98
1184.52
1177.45
1187.7
1182.99
1190.25
1186.19
1187.89
1183.74
1188.05
1202.08